[37.611542,126.9781112]
[37.5707038,126.9858701]
[37.5716676,127.0068121]
[37.5804621,126.9696464]
[37.571635,126.9922297]
[37.5701976,126.9626652]
[37.5749575,127.015876]
[37.57134300000001,126.983294]
[37.5798884,126.9821431]
[37.4939223,126.900925]
[37.5738226,127.0192826]
[37.579171,126.9702744]
[37.5761848,127.0082465]
[37.5752089,126.9605874]
[37.5775459,127.0227898]
[37.57134300000001,126.983294]
[37.5739051,127.0198872]
[37.5724071,127.0123742]
[37.5743822,126.9688505]
[37.5699027,126.9754213]
[37.5839463,127.0020454]
[37.5748215,126.9671611]
[37.570941,126.9912633]
[37.5743822,126.9688505]
[37.5794755,126.9868279]
[37.5729503,126.9793579]
[37.579171,126.9702744]
[37.5692589,126.984554]
[37.5729503,126.9793579]
[37.5706653,126.9762916]
[37.5713301,126.974401]
[37.5756183,127.0039973]
[37.5081928,126.9022688]
[37.58159879999999,127.0030708]
[37.5763595,126.9891128]
[37.5756636,127.0025273]
[37.5830657,127.0014718]
[37.5692167,126.9871887]
[37.5716733,126.993239]
[37.5781153,126.9874961]
[37.5736973,127.0219978]
[37.5183287,126.8431852]
[37.5875453,126.9967549]
[37.582923,126.9983545]
[37.5830591,127.0020855]
[37.5802197,126.9689251]
[37.57164480000001,126.9893757]
[37.5776778,126.9862918]
[37.56800860000001,126.9651791]
[37.5771154,126.9856451]
[37.572077,127.0142759]
[37.5696602,126.9748903]
[37.58297,127.002843]
[37.5738637,126.9789715][365/1843]
[37.5714485,126.9848763]
[37.5788439,126.97369]
[37.5764361,126.9702509]
[37.576255,126.9734573]
[37.5779048,126.9861744]
[37.5722342,127.0103411]
[37.5715569,126.9916319]
[37.57023239999999,127.0138259]
[37.5763747,126.9715718]
[37.57134300000001,126.983294]
[37.57039899999999,126.9842634]
[37.5729685,126.9901197]
[37.5715615,127.0137166]
[37.5763986,126.9893647]
[37.5701163,126.9946059]
[37.5710455,126.9855802]
[37.5714024,126.9997359]
[37.5707075,126.9835766]
[37.5783553,126.9711721]
[37.5754163,126.9801322]
[37.5937636,126.9616356]
[37.5790811,126.9822503]
[37.5735659,127.0107661]
[37.579127,126.9696738]
[37.5745869,126.9792435]
[37.4859977,126.9287994]
[37.5769881,126.9917047]
[37.5723227,126.9739516]
[37.5727117,126.9895911]
[37.6051422,126.9648065]
[37.6057003,126.9665893]
[37.5242305,126.8953477]
[37.5708033,126.9798544]
[37.5810902,126.9815991]
[37.4862548,126.928928]
[37.5737123,126.9904912]
[37.5779281,126.9865816]
[37.57134300000001,126.983294]
[37.57134300000001,126.983294]
[37.5714051,127.0037818]
[37.5777568,126.9860462]
[37.5778763,127.0590113]
[37.5726979,126.973265]
[37.57259980000001,126.9806676]
[37.4752963,126.9813033]
[37.5745643,127.0200586]
[37.5737408,126.9731114]
[37.5720655,126.9806613]
[37.569171,126.9664309]
[37.5701,126.963039]
[37.609987,126.9751208]
[37.5787792,126.9848561]
[37.5693968,126.9847638]
i[37.6083638,126.9573774][311/1843]
[37.5701112,126.9942211]
[37.5730271,127.0195195]
[37.5713197,127.0159556]
[37.568884,126.9867449]
[37.569316,126.9838514]
[37.5693025,126.9867891]
[37.5724373,127.0158809]
[37.6081638,126.9575886]
[37.4857293,126.9470498]
[37.5794257,126.972936]
[37.5702203,127.0063649]
[37.582443,127.0037038]
[37.5709941,126.9804506]
[37.5698568,126.9911251]
[37.5736116,126.9742022]
[37.5717618,126.9732801]
[37.5752228,127.0022954]
[37.5747344,126.9706955]
[37.5723306,126.9861254]
[37.5741155,127.0143203]
[37.56888989999999,126.9861676]
[37.5821133,127.0007248]
[37.5886328,126.998877]
[37.5800396,126.9806545]
[37.5723375,126.9884075]
[37.5703484,126.9988071]
[37.5778052,126.9859074]
[37.5752986,127.0150791]
[37.5730888,126.9599772]
[37.5724802,126.9867641]
[37.5727806,127.0118848]
[37.5872851,126.9833014]
[37.6019354,126.9805359]
[37.5694168,126.9845722]
[37.5731879,126.9737654]
[37.5811466,126.9858429]
[37.5829473,127.0007895]
[37.581443,127.0008481]
[37.570718,126.9922579]
[37.5762565,127.0031726]
[37.5751012,126.9833935]
[37.5689788,126.9855007]
[37.5686616,126.9865533]
[37.4868581,126.9567764]
[37.5745581,126.9856232]
[37.5710711,126.9756]
[37.5729505,126.9859223]
[37.5801931,126.9687647]
[37.5840416,126.997128]
[37.4956175,127.0394905]
[37.5716752,126.9828367]
[37.5717783,127.0122795]
[37.5693255,126.9860066]
i[37.57580600000001,126.9567685][257/1843]
[37.56887440000001,126.9682575]
[37.5756905,126.9712246]
[37.5701188,127.0065101]
[37.5720882,127.0107641]
[37.5865426,126.9695818]
[37.57230089999999,126.9994398]
[37.583304,126.9996073]
[37.581026,127.0044902]
[37.5728323,126.9880012]
[37.5724951,126.9993874]
[37.5044253,127.0077601]
[37.5717178,126.9996321]
[37.5991373,126.9594211]
[37.5744707,126.9979662]
[37.5735131,127.0192301]
[37.5753864,126.9789643]
[37.5832239,126.9972896]
[37.5703587,127.0061005]
[37.5806386,127.0043912]
[37.5825985,127.0012052]
[37.5848225,126.9974085]
[37.5833732,126.9994829]
[37.576009,126.9891096]
[37.5727114,127.0139618]
[37.5827158,127.00304]
[37.57231830000001,126.9889014]
[37.584751,126.9973778]
[37.5744107,126.9735709]
[37.5158429,127.0224015]
[37.58237010000001,127.0002028]
[37.5738194,126.9845894]
[37.5696317,126.99611]
[37.5719223,126.9809814]
[37.584964,126.997307]
[37.5893931,126.9988589]
[37.569349,126.9836087]
[37.5750143,127.0208723]
[37.5691924,126.9881388]
[37.5734438,127.0154556]
[37.5717113,127.0120279]
[37.582446,127.002456]
[37.5990433,126.9596025]
[37.5703985,127.0051604]
[37.5763882,126.9735415]
[37.573146,127.0109799]
[37.5755844,127.0224633]
[37.5823554,126.9992101]
[37.5689558,126.990175]
[37.5736525,127.0213678]
[37.5840666,126.9974153]
[37.6067453,126.9601125]
[37.57154999999999,126.9803389]
[37.5044253,127.0077601]
[37.576025,126.9976522][203/1843]
[37.5814308,126.9813896]
[37.59747,126.9625517]
[37.5709924,126.9857994]
[37.57316300000001,126.9862206]
[37.5723555,126.9818018]
[37.569316,126.9838514]
[37.5795672,126.9716988]
[37.570032,127.0119414]
[37.5709197,126.9851993]
[37.574244,127.0216363]
[37.6005474,126.9596257]
[37.5714809,127.0190801]
[37.5706612,127.0072579]
[37.5796347,127.0042654]
[37.5695931,126.9976082]
[37.5730991,126.9883214]
[37.5753864,126.9789643]
[37.5689788,126.9855007]
[37.4929717,127.0134121]
[37.5784084,126.970757]
[37.5714425,127.0058744]
[37.571199,126.9865608]
[37.5708655,126.989487]
[37.5757749,127.0157962]
[37.57555079999999,126.9893716]
[37.5709524,126.975013]
[37.5714502,126.9753684]
[37.5830724,127.0007777]
[37.58237010000001,127.0002028]
[37.5729003,126.9605719]
[37.5696308,126.9848387]
[37.576707,126.9697932]
[37.5719994,126.9742775]
[37.5749834,127.0211614]
[37.5818701,126.9995732]
[37.57872,126.9712542]
[37.5742803,126.9915771]
[37.5788523,126.9890677]
[37.5732302,127.010809]
[37.5704416,126.9761633]
[37.5714707,126.9916693]
[37.5717178,126.9996321]
[37.5720944,126.9993101]
[37.5762852,126.969987]
[37.5699622,126.9898626]
[37.5867659,126.9815082]
[37.5132408,127.0177367]
[37.57234529999999,127.0108015]
[37.57537360000001,126.9710524]
[37.575582,126.96964]
[37.5754516,126.9706992]
[37.5714051,127.0037818]
[37.5707078,126.9843419]
i[37.5777951,126.9866265][149/1843]
[37.57170989999999,127.0121774]
[37.5716967,127.0098569]
[37.5747353,126.9977125]
[37.570601,127.0025699]
[37.5699516,126.9900869]
[37.5728963,126.9866317]
[37.5756094,126.9894874]
[37.5789884,126.9720736]
[37.568739,126.9862296]
[37.5690929,126.9932579]
[37.57628160000001,126.9703006]
[37.57098999999999,126.9745619]
[37.571453,126.9757974]
[37.5752159,126.9793572]
[37.5085418,127.0254636]
[37.5816025,127.0043614]
[37.5704199,127.0009716]
[37.5706906,126.9869525]
[37.5837099,126.9698077]
[37.5762902,127.0030069]
[37.57938559999999,126.986854]
[37.5889287,126.9992421]
[37.5843613,126.9973196]
[37.5822785,126.9992768]
[37.5730813,126.9907691]
[37.5729227,127.0140123]
[37.5808389,127.0045324]
[37.5758072,127.0218468]
[37.5714032,126.9916804]
[37.5744439,126.9810466]
[37.5863432,127.0005698]
[37.6093071,126.9784928]
[37.5734434,126.985499]
[37.5729617,126.9873316]
[37.5745866,127.0054952]
[37.5844951,126.9818969]
[37.5740967,126.9860381]
[37.573438,127.0115297]
[37.570214,127.0153905]
[37.5837504,127.0008218]
[37.5707293,126.9933751]
[37.5702894,127.0102955]
[37.5726084,127.0220449]
[37.5836345,127.0029984]
[37.5158429,127.0224015]
[37.5747405,127.0017381]
[37.5721482,127.0111528]
[37.5704891,127.0034068]
[37.5766906,126.9719456]
[37.5807958,127.0044344]
[37.5837657,126.9978462]
[37.5717618,126.9732801]
[37.5746583,127.02032]
[37.5706087,126.9861216][95/1843]
[37.5718048,127.0040606]
[37.574622,126.9843521]
[37.5832239,126.9972896]
[37.5809331,127.0035144]
[37.5806386,127.0043912]
[37.5831728,126.9996464]
[37.5718909,126.9888619]
[37.5714,127.0131607]
[37.5688844,126.9862672]
[37.5997036,126.9590644]
[37.503291,127.0514272]
[37.5712736,127.0013383]
[37.5765681,127.0161526]
[37.5926452,126.9659715]
[37.5764863,126.9707393]
[37.5714849,126.9752117]
[37.58266589999999,127.0021429]
[37.5820912,127.001101]
[37.5700926,126.9938421]
[37.5700145,127.0044953]
[37.5833734,127.0002483]
[37.5699049,126.989586]
[37.5710651,126.9853479]
[37.5736686,126.985916]
[37.5240892,127.0389661]
[37.57190620000001,127.0038068]
[37.5723784,126.974561]
[37.5713402,127.0072047]
[37.5713134,126.986866]
[37.5783489,126.9708586]
[37.5792776,126.9721693]
[37.5725633,127.0060791]
[37.57238419999999,126.9884929]
[37.57297459999999,126.9910491]
[37.5783463,127.0014012]
[37.573201,127.0105468]
[37.5881426,126.9961083]
[37.5720568,126.9887668]
[37.5714382,126.9913403]
[37.6008664,126.9557573]
[37.5779281,126.9865816]
[37.6081556,126.9565535]
[37.5746592,127.02194]
[37.5729503,126.9793579]
[37.5722065,126.9795681]
[37.5842376,126.9968695]
[37.572867,127.0120874]
[37.5741715,127.0213701]
[37.5790894,126.9887657]
[37.5685822,126.9896911]
[37.5697679,126.9972912]
[37.5848308,127.000299]
[37.5842858,127.0011645]
[37.5786381,126.9709531](1results)[41/1843]
[37.5701982,127.0060913]
[37.578711,127.0018968]
[37.5732747,127.0208022]
[37.5889315,126.9806136]
[37.5765152,127.0025487]
[37.5762878,126.9713251]
[37.5707078,126.9843419]
[37.4909526,127.0374594]
[37.5720388,126.9994546]
[37.5852598,126.9821752]
[37.5722783,126.9929671]
[37.579208,126.9842174]
[37.5719994,126.9742775]
[37.5698018,126.984601]
[37.5710707,127.0154845]
[37.5772451,126.9689956]
[37.6063069,126.9698121]
[37.5721605,126.9803985]
[37.5723676,126.9864555]
[37.58057060000001,127.0049797]
[37.57225469999999,127.0160237]
[37.5697113,126.9886559]
[37.5737471,127.0169187]
[37.5717928,126.9867746]
[37.5361155,126.971678]
[37.5710637,127.0160439]
[37.5816877,127.0001599]
[37.5717877,126.9815752]
[37.5701982,127.0060913]
[37.5751975,126.9697733]
[37.5696638,126.98427]
[37.5824409,127.0028139]
[37.57168740000001,127.0038233]
[37.5748642,127.0155003]
[37.5713301,126.974401]
[37.5865707,126.9967941]
[37.577791,126.9864601]
[37.5747067,126.9850902]
[37.5835658,127.0006307]
[37.58252299999999,127.0013307]
[37.5840089,126.9973074]
[37.5752362,126.9840007]
[37.5775115,127.0052876]
[37.5729861,126.9884916]
[37.5350166,126.9925315]
[37.5797694,126.9875802]
[37.576877,126.9694558]
[37.5679058,126.9656865]
[37.5710403,126.984549]
[37.5721272,126.9918348]
[37.574389,126.9972598]
[37.5830952,127.000389]
[37.5718949,126.9866996]
